N1<-c(10,20,30,40)
str1<-c("water","lemon","juice")
Rlnum<-c(23.3,20.4,15.5,30.0)
List1<-list(N1,str1,Rlnum)
List1
